Datetime,Water Level (m)
2026-01-10 06:00:00,-1.8580029
2026-01-10 07:00:00,-1.4372402
2026-01-10 08:00:00,-0.736064
2026-01-10 09:00:00,-0.05836055
2026-01-10 10:00:00,0.5411094
2026-01-10 11:00:00,0.8877031
2026-01-10 12:00:00,1.0129166
2026-01-10 13:00:00,0.8688972
2026-01-10 14:00:00,0.45537156
2026-01-10 15:00:00,-0.11592122
2026-01-10 16:00:00,-0.7402117
2026-01-10 17:00:00,-1.2769799
2026-01-10 18:00:00,-1.544594
2026-01-10 19:00:00,-1.3927603
2026-01-10 20:00:00,-0.78157336
2026-01-10 21:00:00,-0.18171489
2026-01-10 22:00:00,0.3037875
2026-01-10 23:00:00,0.61397654
2026-01-11 00:00:00,0.6943795
2026-01-11 01:00:00,0.54975677
2026-01-11 02:00:00,0.18104699
2026-01-11 03:00:00,-0.33916265
2026-01-11 04:00:00,-0.9192092
2026-01-11 05:00:00,-1.4218711
2026-01-11 06:00:00,-1.7438512
2026-01-11 07:00:00,-1.767396
2026-01-11 08:00:00,-1.268051
2026-01-11 09:00:00,-0.6123674
2026-01-11 10:00:00,0.011455037
2026-01-11 11:00:00,0.5361927
2026-01-11 12:00:00,0.8242635
2026-01-11 13:00:00,0.8924992
2026-01-11 14:00:00,0.7229159
2026-01-11 15:00:00,0.34838417
2026-01-11 16:00:00,-0.17708278
2026-01-11 17:00:00,-0.7006745
2026-01-11 18:00:00,-1.1541026
2026-01-11 19:00:00,-1.3799186
2026-01-11 20:00:00,-1.2852371
2026-01-11 21:00:00,-0.88145304
2026-01-11 22:00:00,-0.41038817
2026-01-11 23:00:00,-0.0042597693
2026-01-12 00:00:00,0.2488217
2026-01-12 01:00:00,0.33972457
2026-01-12 02:00:00,0.2440184
2026-01-12 03:00:00,-0.029598957
2026-01-12 04:00:00,-0.45050573
2026-01-12 05:00:00,-0.91852295
2026-01-12 06:00:00,-1.3489417
2026-01-12 07:00:00,-1.6111895
2026-01-12 08:00:00,-1.5809784
2026-01-12 09:00:00,-1.1583586
2026-01-12 10:00:00,-0.5942468
2026-01-12 11:00:00,-0.044845864
2026-01-12 12:00:00,0.45183006
2026-01-12 13:00:00,0.73359007
2026-01-12 14:00:00,0.8315791
2026-01-12 15:00:00,0.7100472
2026-01-12 16:00:00,0.389503
2026-01-12 17:00:00,-0.059990983
2026-01-12 18:00:00,-0.5672079
2026-01-12 19:00:00,-0.9973283
2026-01-12 20:00:00,-1.2894216
2026-01-12 21:00:00,-1.3175986
2026-01-12 22:00:00,-1.0802947
2026-01-12 23:00:00,-0.6823796
2026-01-13 00:00:00,-0.30240774
2026-01-13 01:00:00,-0.013899815
2026-01-13 02:00:00,0.14638221
2026-01-13 03:00:00,0.17232126
2026-01-13 04:00:00,0.042985052
2026-01-13 05:00:00,-0.25302276
2026-01-13 06:00:00,-0.6757075
2026-01-13 07:00:00,-1.0865862
2026-01-13 08:00:00,-1.3941056
2026-01-13 09:00:00,-1.4628587
2026-01-13 10:00:00,-1.1735275
2026-01-13 11:00:00,-0.6646578
2026-01-13 12:00:00,-0.11312161
2026-01-13 13:00:00,0.35282952
2026-01-13 14:00:00,0.7061475
2026-01-13 15:00:00,0.84732896
2026-01-13 16:00:00,0.7909742
2026-01-13 17:00:00,0.5299359
2026-01-13 18:00:00,0.11489453
2026-01-13 19:00:00,-0.4049259
2026-01-13 20:00:00,-0.8960858
2026-01-13 21:00:00,-1.2515404
2026-01-13 22:00:00,-1.4028378
2026-01-13 23:00:00,-1.2836486
2026-01-14 00:00:00,-0.8960239
2026-01-14 01:00:00,-0.45931545
2026-01-14 02:00:00,-0.088392325
2026-01-14 03:00:00,0.15653598
2026-01-14 04:00:00,0.25601774
2026-01-14 05:00:00,0.1858559
2026-01-14 06:00:00,-0.062387057
2026-01-14 07:00:00,-0.4731938
2026-01-14 08:00:00,-0.93877953
2026-01-14 09:00:00,-1.3197523
2026-01-14 10:00:00,-1.4666696
2026-01-14 11:00:00,-1.2576047
2026-01-14 12:00:00,-0.7144419
2026-01-14 13:00:00,-0.1218499
2026-01-14 14:00:00,0.39616644
2026-01-14 15:00:00,0.78904927
2026-01-14 16:00:00,0.96329224
2026-01-14 17:00:00,0.9344151
2026-01-14 18:00:00,0.667703
2026-01-14 19:00:00,0.20952146
2026-01-14 20:00:00,-0.38433167
2026-01-14 21:00:00,-0.93705285
2026-01-14 22:00:00,-1.3967186
2026-01-14 23:00:00,-1.6204
2026-01-15 00:00:00,-1.5219849
2026-01-15 01:00:00,-1.0539834
2026-01-15 02:00:00,-0.5068894
2026-01-15 03:00:00,-0.040695865
2026-01-15 04:00:00,0.25489998
2026-01-15 05:00:00,0.37939075
2026-01-15 06:00:00,0.3066764
2026-01-15 07:00:00,0.020237312
2026-01-15 08:00:00,-0.46743804
2026-01-15 09:00:00,-1.0101492
2026-01-15 10:00:00,-1.4492728
2026-01-15 11:00:00,-1.6269586
2026-01-15 12:00:00,-1.3798907
2026-01-15 13:00:00,-0.72368103
2026-01-15 14:00:00,-0.031829968
2026-01-15 15:00:00,0.5731048
2026-01-15 16:00:00,0.9607323
2026-01-15 17:00:00,1.1256751
2026-01-15 18:00:00,1.058292
2026-01-15 19:00:00,0.69793606
2026-01-15 20:00:00,0.12504242
2026-01-15 21:00:00,-0.57348984
2026-01-15 22:00:00,-1.2390184
2026-01-15 23:00:00,-1.725425
2026-01-16 00:00:00,-1.924594
2026-01-16 01:00:00,-1.7049767
2026-01-16 02:00:00,-1.0267578
2026-01-16 03:00:00,-0.35939655
2026-01-16 04:00:00,0.1696052
2026-01-16 05:00:00,0.4685282
2026-01-16 06:00:00,0.5499876
